Анадама;32;120;3876;2907;
Арепа;41;100;4070;3053;
Бублик;25;70;1771;1328;
Багет;30;300;9060;6795;
Банановий хліб;35;58;2047;1536;
Пивний хліб;34;47;1574;1181;
Чорний хліб;27;198;5287;3965;
Бородинський;24;279;6556;4917;
Чорний хліб;26;31;794;595;
Коровай;36;69;2470;1853;
Батон;22;450;10080;7560;
Лаваш;28;700;19460;14595;
Київський;342;7;2396;1797;
Наполеон;275;8;2200;1650;
Кокосово-малиновий торт;200;13;2600;1950;
5 ложок;176;5;880;660;
Супер шоколад;143;6;858;644;
Зебра;124;2;248;186;
Австралійський чізкейк;189;19;3591;2693;
Тірамісу;144;5;720;540;
Карпатка;212;2;424;318;
Єгипетський;156;4;624;468;
Чорно-біле;97;14;1358;1018;
Печиво "Ніжне";107;21;2247;1685;
Цукрове печиво;123;23;2829;2122;
Ромашка;156;43;6708;5031;
Бухара;176;12;2112;1584;
Сердечко;164;17;2788;2091;
Спіральки;212;15;3180;2385;
Арахісове печиво;245;14;3430;2572;
Печиво із шоколадом;189;17;3213;2410;
Айстра;199;25;4975;3731;
Твікс;136;17;2312;1734;
Грибочки;167;14;2338;1754;
Яблучка;260;15;3900;2925;
Медове печиво;210;23;4830;3622;
Яблучна спокуса;179;21;3759;2819;
Хліб-каррі;24;78;1841;1381;
Манту;14;98;1343;1007;
Бельгійська булочка;11;140;1596;1197;
Сирна булочка;12;177;2177;1633;
Крем-булочка;14;197;2817;2113;
Смородинова булочка;9;186;1748;1311;
инка з сиром;12;240;2976;2232;
Медова;7;334;2204;1653;
Пампушка з часником;3;890;2848;2136;
Булочка з маком;9;38;334;251;
Булочка з корицею;8;235;1833;1375;
Булочка з сосискою;10;542;5366;4024;
Булочка з вишнею;7;543;3638;2729;
алачики;89;21;1869;1402;
Апельсинове печиво;129;12;1548;1161;
Горішки;240;18;4320;3240;
Різдвяне;132;12;1584;1188;
Печиво з M&M`s;270;18;4860;3645;